78 
2 3 
2 200 
6 243 
10 37 
11 15 
17 23 
17 144 
17 227 
19 15 
19 26 
19 114 
23 213 
26 42 
27 178 
29 159 
31 85 
35 121 
35 191 
41 199 
43 85 
57 76 
59 128 
63 216 
66 67 
67 64 
67 132 
67 230 
70 144 
70 220 
75 79 
79 160 
79 189 
85 121 
88 228 
89 103 
94 100 
100 150 
103 141 
103 231 
105 195 
105 221 
107 136 
107 201 
114 139 
114 230 
119 243 
121 83 
122 228 
123 71 
123 184 
127 207 
133 230 
136 230 
145 179 
167 240 
170 212 
173 192 
176 42 
176 197 
188 192 
188 218 
190 87 
193 203 
212 228 
213 245 
214 233 
214 236 
215 217 
224 229 
227 39 
228 144 
232 244 
233 235 
234 238 
1 0 44 
2 18 22 
2 18 26 
2 125 22 
4 14 209 
4 7 124 
4 7 209 
4 94 12 
4 121 142 
4 133 209 
5 13 12 
6 108 216 
6 55 133 
8 130 183 
8 66 183 
10 29 33 
11 29 17 
11 22 167 
12 178 13 
17 29 63 
17 106 239 
18 127 23 
21 99 91 
21 31 152 
21 63 39 
22 125 84 
22 167 84 
23 27 45 
23 79 167 
23 130 137 
24 66 184 
25 126 26 
29 31 63 
29 33 35 
33 39 38 
33 43 51 
33 131 80 
37 58 167 
40 46 41 
40 186 41 
41 3 15 
41 3 243 
41 46 187 
44 42 103 
44 0 149 
44 48 49 
44 82 92 
44 226 103 
45 79 49 
46 47 84 
48 222 212 
48 222 223 
48 49 223 
48 68 116 
49 79 77 
49 79 227 
52 126 134 
52 134 197 
66 182 183 
69 70 72 
70 122 72 
70 122 74 
70 122 241 
72 122 162 
75 145 157 
77 79 167 
79 81 87 
79 227 243 
80 120 100 
80 98 100 
81 137 106 
81 202 106 
82 83 94 
82 83 143 
84 125 204 
84 167 204 
88 104 106 
88 106 137 
91 99 97 
92 166 227 
93 143 39 
93 143 128 
96 106 90 
97 128 99 
97 128 138 
100 120 122 
101 202 221 
102 226 103 
103 113 109 
104 188 185 
108 114 214 
109 213 215 
111 110 153 
111 71 153 
113 65 217 
113 114 64 
113 119 245 
113 188 185 
113 202 151 
113 204 134 
118 168 119 
118 215 216 
124 128 126 
124 125 138 
124 222 225 
130 136 137 
130 160 137 
131 16 161 
132 128 136 
138 158 239 
158 62 180 
158 146 147 
163 203 164 
164 203 205 
168 188 171 
171 188 205 
177 187 178 
187 218 226 
189 207 224 
190 192 193 
190 192 198 
190 206 198 
192 151 65 
192 198 202 
211 213 215 
211 223 222 
214 216 215 
220 224 222 
220 224 228 
230 236 237 
231 237 236 
231 237 241 
231 239 241 
231 239 245 
238 240 242 
239 241 181 
239 241 243 
135 106 185 90 
135 166 42 16 
4 14 10 29 
4 82 86 94 
4 82 86 133 
4 82 86 142 
5 13 83 82 
5 13 83 84 
5 13 83 128 
6 7 126 124 
6 7 126 209 
8 52 134 160 
8 66 9 24 
8 66 9 160 
8 66 58 160 
8 134 22 160 
9 130 136 145 
10 20 24 18 
10 20 47 18 
10 20 47 28 
10 11 179 12 
10 11 179 29 
10 12 178 179 
12 178 14 127 
12 178 179 182 
12 96 13 208 
12 126 127 208 
13 15 98 128 
13 40 175 174 
13 185 87 175 
14 127 99 209 
18 22 167 23 
18 26 126 136 
18 127 126 208 
21 99 39 23 
21 31 63 141 
22 98 23 99 
22 98 99 208 
22 126 208 134 
22 167 23 99 
23 99 39 93 
23 99 39 98 
23 99 167 92 
23 27 25 137 
23 64 148 133 
23 79 45 81 
23 102 92 45 
24 98 80 74 
24 34 80 74 
24 55 80 120 
24 120 74 80 
25 137 26 27 
25 92 127 126 
25 170 144 172 
26 136 27 137 
31 146 147 126 
31 146 147 152 
32 34 80 33 
32 34 80 74 
32 95 30 87 
35 40 180 197 
36 16 166 42 
37 89 166 167 
40 197 3 180 
41 49 186 218 
43 42 44 45 
43 42 44 51 
43 42 44 152 
43 42 150 152 
44 42 71 166 
44 42 167 166 
44 49 45 92 
44 49 45 218 
44 92 166 167 
44 157 71 166 
44 157 226 166 
44 218 166 219 
44 218 166 226 
45 92 49 102 
45 218 49 102 
45 218 49 223 
49 164 77 223 
49 164 218 223 
49 164 218 227 
49 164 227 171 
49 186 218 223 
49 225 218 223 
49 225 218 227 
52 54 158 56 
52 54 158 61 
53 145 86 139 
53 145 86 155 
53 55 120 139 
53 120 139 86 
53 120 139 159 
54 128 64 65 
54 128 132 133 
54 128 132 138 
54 128 138 158 
55 139 125 129 
60 71 144 145 
60 71 144 174 
60 71 73 174 
61 138 158 62 
68 69 204 167 
69 188 205 204 
69 204 167 205 
72 177 172 187 
73 187 172 71 
73 187 226 173 
77 164 222 223 
77 116 119 202 
77 116 169 168 
77 116 169 202 
80 120 88 108 
80 102 88 108 
81 137 95 101 
82 143 93 142 
86 145 139 141 
88 120 30 108 
88 137 30 127 
99 98 128 208 
102 108 112 216 
102 110 112 216 
103 42 151 181 
104 106 194 205 
104 106 90 185 
104 106 185 3 
104 106 185 200 
104 106 200 205 
104 105 203 199 
104 105 194 205 
104 105 194 243 
104 188 205 203 
104 188 205 204 
108 214 216 227 
111 110 115 117 
112 110 118 216 
113 110 119 217 
122 30 7 185 
124 128 132 138 
126 208 146 136 
126 7 134 209 
132 128 62 138 
136 208 137 146 
138 158 62 128 
157 71 144 170 
163 229 171 227 
164 222 218 223 
176 179 182 178 
176 179 182 183 
177 187 186 219 
186 218 219 223 
188 205 189 203 
192 151 106 202 
200 147 201 209 
200 202 151 106 
200 202 151 209 
200 202 201 209 
210 211 214 212 
210 211 214 215 
211 214 212 222 
218 219 225 223 
218 219 225 227 
218 219 166 227 
218 222 223 225 
222 223 224 225 
243 3 147 144 
135 83 16 143 175 
135 83 95 153 175 
135 83 153 175 143 
4 14 10 12 178 
6 108 127 92 126 
6 108 127 92 133 
6 108 127 209 126 
6 108 127 209 133 
8 130 9 24 55 
8 130 9 131 160 
8 130 22 131 125 
8 130 22 131 160 
8 130 22 56 160 
8 130 58 160 56 
8 130 58 160 131 
8 130 125 55 158 
8 139 158 125 55 
9 139 53 159 145 
10 33 28 34 38 
13 16 20 47 84 
13 16 83 128 96 
13 40 175 20 87 
13 174 175 184 185 
13 184 98 185 128 
13 184 98 185 175 
18 22 98 23 130 
18 22 47 16 20 
18 22 126 136 208 
18 128 136 126 208 
21 99 45 23 81 
21 99 45 86 141 
22 47 16 20 84 
23 99 81 45 92 
23 64 148 39 98 
24 98 7 38 74 
24 98 80 131 136 
24 120 74 122 7 
24 120 74 122 140 
25 137 209 201 147 
32 34 80 102 108 
35 151 209 180 50 
35 208 127 209 134 
40 175 3 153 140 
40 175 3 41 140 
40 175 20 140 87 
40 175 20 140 153 
41 186 187 218 219 
44 42 71 152 153 
44 157 71 152 153 
45 92 99 86 141 
45 92 99 86 142 
49 164 77 69 76 
49 164 77 69 205 
49 164 77 171 205 
49 88 102 218 186 
49 88 102 218 227 
49 88 102 92 227 
52 53 145 61 157 
54 128 64 129 133 
54 55 139 158 56 
54 55 139 158 138 
54 55 139 129 133 
54 61 138 139 158 
55 139 125 138 158 
55 130 158 125 138 
60 71 144 170 172 
60 71 73 170 172 
60 61 138 145 158 
61 138 158 145 130 
61 138 158 145 139 
63 129 133 139 141 
69 77 164 205 167 
73 166 174 71 157 
74 80 86 120 142 
74 86 120 122 142 
74 120 122 30 7 
74 120 122 30 140 
74 120 122 142 140 
76 164 168 222 77 
77 164 205 167 171 
81 137 209 30 87 
81 137 95 30 87 
81 34 30 209 87 
81 34 30 209 127 
81 202 101 201 209 
82 86 92 99 97 
86 93 99 142 101 
88 102 108 92 127 
88 102 108 92 227 
88 102 108 30 127 
88 102 108 216 227 
88 102 218 226 227 
91 99 127 133 209 
93 99 133 129 108 
93 99 133 129 128 
93 99 133 208 128 
96 16 62 83 38 
99 133 209 127 108 
102 108 112 103 114 
103 113 110 151 181 
103 113 65 151 181 
104 106 194 243 3 
104 106 194 243 239 
104 105 203 200 205 
105 201 198 200 203 
105 201 198 200 206 
105 201 198 199 203 
105 201 205 200 203 
112 110 113 150 180 
112 110 118 115 119 
113 114 119 204 116 
113 116 119 204 202 
129 133 64 128 148 
145 154 156 157 144 
145 71 144 156 157 
156 157 71 144 174 
157 71 144 174 166 
162 166 144 71 172 
162 170 144 71 172 
164 166 218 226 227 
194 106 3 147 137 
194 106 3 147 243 
194 146 3 137 147 
198 201 200 202 206 
200 147 151 30 185 
200 147 151 106 185 
135 20 175 38 87 16 
135 20 175 0 16 62 
135 20 128 16 62 0 
135 20 128 16 62 98 
135 71 42 144 174 166 
135 83 16 62 38 175 
135 83 16 62 90 128 
135 83 16 143 90 128 
135 83 153 175 38 62 
135 87 30 151 137 209 
135 87 30 151 34 209 
135 87 30 95 137 175 
135 166 42 50 144 174 
8 130 9 158 53 145 
8 130 9 158 160 56 
8 130 9 18 24 131 
8 130 22 131 18 24 
8 52 9 158 53 56 
8 52 9 158 53 145 
8 52 9 158 160 56 
8 139 158 9 53 145 
9 130 158 53 61 145 
9 52 53 145 154 158 
9 52 53 145 154 159 
9 52 53 145 61 158 
9 52 53 56 154 158 
9 52 160 56 154 158 
9 139 53 158 61 145 
9 159 53 57 145 154 
10 20 24 28 34 38 
13 16 20 38 87 175 
13 16 20 128 96 98 
13 16 83 38 84 96 
13 16 83 38 84 175 
13 16 208 96 98 128 
18 22 98 136 16 208 
18 128 136 16 98 20 
18 128 136 16 98 208 
24 98 7 38 65 148 
24 98 7 64 65 148 
24 98 65 148 64 184 
24 28 38 74 175 50 
24 28 38 74 34 50 
24 34 38 50 7 65 
24 34 38 50 7 74 
24 50 38 148 7 65 
24 50 38 148 42 175 
25 137 209 127 208 35 
25 137 209 127 208 147 
25 137 209 127 30 35 
25 137 209 127 30 81 
25 137 209 127 30 147 
25 137 209 144 30 147 
25 93 99 133 129 101 
25 93 99 133 208 127 
25 126 127 147 208 209 
28 38 74 30 50 175 
28 38 74 30 140 175 
28 47 16 20 84 140 
32 34 30 87 151 209 
32 34 30 102 108 127 
32 34 30 108 127 209 
32 34 51 35 50 33 
32 34 51 35 50 36 
32 95 30 50 153 36 
32 95 30 50 153 147 
35 151 209 30 127 134 
35 151 209 30 127 137 
35 151 196 150 180 197 
36 50 42 153 44 149 
36 50 42 51 44 166 
44 42 50 149 152 153 
51 166 73 42 163 171 
60 72 73 170 172 173 
68 69 77 168 76 164 
68 69 77 168 116 119 
68 69 77 167 76 164 
68 69 188 116 119 168 
68 69 188 116 119 204 
68 113 116 119 188 204 
69 77 164 76 72 168 
73 166 163 171 42 167 
73 166 163 171 71 157 
73 166 163 172 162 71 
73 166 163 226 173 157 
73 166 174 71 42 162 
73 76 164 169 167 77 
73 170 163 162 71 171 
73 170 163 162 71 172 
73 170 163 157 171 71 
82 86 92 99 93 133 
82 86 92 99 93 142 
86 93 99 133 129 101 
86 93 99 133 129 141 
86 93 99 133 92 141 
86 93 139 129 133 141 
96 16 62 98 20 38 
96 16 62 98 20 128 
96 16 62 98 90 128 
96 16 62 83 90 128 
102 110 112 103 114 115 
113 110 150 151 180 181 
127 209 147 208 146 137 
140 30 151 175 87 137 
140 30 151 209 87 137 
140 16 20 38 87 175 
157 71 144 174 152 153 
162 166 144 71 42 174 
200 147 151 30 209 146 
135 149 148 185 3 143 65 
135 149 148 0 16 62 128 
135 149 148 0 16 62 175 
135 149 148 0 16 143 128 
135 149 148 0 16 143 175 
135 149 148 0 65 128 62 
135 149 148 0 65 128 143 
135 149 148 15 65 98 7 
135 149 148 15 65 3 7 
135 149 148 15 65 3 143 
135 149 148 38 62 65 98 
135 149 148 38 7 65 98 
135 20 175 38 87 30 151 
135 20 34 30 38 151 87 
135 87 30 151 137 175 185 
135 209 151 3 144 30 181 
135 209 151 34 50 7 30 
135 209 151 34 50 7 65 
135 209 151 34 50 147 30 
135 209 151 50 181 7 30 
135 209 151 50 181 7 65 
135 209 151 50 181 144 30 
135 209 151 50 181 180 65 
135 209 151 50 147 30 144 
8 130 9 158 53 55 56 
8 139 158 9 53 55 56 
9 130 158 53 56 57 154 
9 130 158 53 145 57 154 
9 130 158 160 56 57 154 
9 130 18 24 98 131 136 
9 16 18 24 98 131 136 
13 16 20 38 84 98 96 
13 16 20 38 84 98 175 
18 22 98 136 16 24 20 
18 22 98 136 16 24 131 
18 22 98 136 130 24 131 
22 98 16 24 20 38 84 
23 99 81 25 133 93 101 
23 99 81 25 133 137 101 
23 99 81 25 133 137 127 
23 99 108 92 93 127 133 
23 102 92 93 108 127 133 
24 98 16 38 175 20 42 
24 98 16 38 175 20 84 
24 98 16 38 175 74 84 
24 98 16 38 175 148 42 
24 98 16 38 39 42 148 
24 98 16 64 42 148 39 
24 98 16 64 42 148 175 
24 98 184 42 64 148 175 
24 28 38 20 36 34 50 
25 137 209 127 208 99 133 
25 137 209 127 81 99 133 
25 137 209 101 81 99 133 
25 137 209 101 81 99 201 
28 38 33 30 32 34 50 
28 38 74 30 50 32 34 
28 35 30 32 34 50 33 
28 35 30 32 34 50 36 
28 35 30 32 34 50 151 
32 34 30 50 38 7 74 
32 34 30 50 38 7 151 
32 34 30 50 35 151 209 
32 34 30 50 147 151 153 
32 34 30 50 147 151 209 
32 34 30 50 209 7 151 
32 34 30 87 151 20 38 
32 34 30 127 151 209 35 
32 34 30 127 151 209 147 
32 34 30 200 147 151 209 
35 151 209 150 134 180 197 
36 50 34 30 38 153 149 
36 50 95 30 149 153 175 
36 16 38 175 149 42 62 
37 73 164 169 173 76 167 
37 73 164 169 173 166 167 
40 175 3 153 152 174 180 
53 145 154 57 155 156 159 
72 73 168 169 77 164 171 
72 73 168 187 76 172 173 
73 166 163 171 173 169 157 
73 166 163 171 173 227 164 
73 166 163 171 42 71 162 
73 166 163 226 173 164 227 
73 166 77 164 169 167 171 
73 170 163 157 171 169 173 
113 65 148 149 185 64 184 
126 208 146 127 134 147 209 
127 209 147 30 151 146 134 
127 209 147 30 151 146 137 
140 30 151 175 153 20 181 
140 30 151 175 87 20 38 
140 30 151 209 3 144 137 
140 30 151 209 3 144 181 
135 149 148 185 64 7 65 98 
135 149 148 185 90 98 128 62 
135 149 148 185 90 98 128 143 
135 149 148 15 65 98 128 143 
135 149 148 15 90 98 128 143 
135 149 148 16 98 62 90 128 
135 149 148 16 98 62 128 64 
135 149 148 16 98 143 64 39 
135 149 148 16 98 143 64 128 
135 149 148 16 98 143 64 175 
135 149 148 16 98 143 90 128 
135 149 148 38 62 65 50 151 
135 149 148 38 7 65 50 151 
135 149 30 151 153 50 34 38 
135 149 30 151 153 50 34 147 
135 149 30 151 7 50 34 38 
135 149 30 151 7 50 181 185 
135 149 30 151 134 3 147 146 
135 149 30 151 134 3 147 185 
135 149 34 50 151 38 7 65 
135 20 175 38 42 62 153 98 
135 20 175 38 42 62 16 98 
135 20 34 30 38 151 50 153 
135 106 185 3 137 147 151 175 
135 209 151 3 134 150 146 147 
135 209 151 3 134 7 181 30 
135 209 151 3 134 7 181 65 
135 209 151 3 134 30 146 147 
23 99 81 25 133 93 92 127 
24 28 38 20 36 175 16 42 
24 28 38 20 36 175 16 140 
24 28 38 20 36 175 50 42 
24 28 38 20 84 16 140 175 
24 28 38 74 175 16 84 140 
28 38 20 30 153 36 140 175 
28 38 20 30 153 151 140 175 
28 38 20 16 175 36 42 62 
37 73 164 169 173 76 165 172 
37 73 164 169 173 166 165 172 
51 166 73 164 168 169 171 77 
51 166 73 164 168 169 165 77 
51 166 73 164 168 169 165 173 
52 53 145 154 155 156 157 159 
72 73 168 169 173 172 163 164 
72 73 168 169 173 171 163 164 
72 73 168 169 77 164 76 165 
73 166 163 171 173 169 164 167 
73 166 163 171 173 169 162 168 
73 166 163 172 162 168 169 173 
73 166 163 172 164 168 169 173 
73 166 165 164 168 169 172 173 
103 113 110 111 112 114 115 119 
111 110 115 112 113 114 119 204 
140 30 151 175 153 3 144 137 
140 30 151 175 153 3 144 181 
197 3 134 150 151 180 181 209 
135 149 148 185 64 7 65 151 181 
135 149 148 185 64 65 62 151 180 
135 149 148 185 3 151 147 150 134 
135 149 148 185 50 151 7 65 181 
135 149 148 185 50 151 65 180 62 
135 149 148 185 50 151 65 180 181 
135 149 148 16 98 62 42 38 39 
135 149 148 16 98 62 42 38 175 
135 149 148 16 98 62 42 64 39 
135 149 148 16 98 62 42 64 175 
135 149 148 38 62 42 153 175 98 
135 149 148 146 3 147 150 151 134 
135 149 30 151 7 3 134 181 185 
135 20 175 181 30 42 50 151 153 
135 110 150 151 152 153 174 180 181 
135 137 3 30 144 147 151 153 146 
135 137 3 30 144 147 151 209 146 
135 137 3 30 144 147 95 153 146 
135 137 3 30 144 147 95 153 175 
135 209 151 3 134 150 65 180 181 
28 38 20 30 153 36 50 32 34 
28 38 20 30 153 151 50 32 34 
36 50 42 153 30 38 62 175 149 
51 166 73 164 168 169 171 163 173 
72 73 168 169 173 172 163 162 170 
72 73 168 169 173 172 76 164 165 
72 73 168 169 173 171 163 162 170 
135 149 148 185 64 153 143 175 184 98 
135 149 148 185 64 153 143 175 184 152 
135 149 148 185 64 65 62 98 128 184 
135 149 148 185 64 65 143 98 128 184 
135 149 148 185 64 65 150 151 180 181 
135 149 148 185 3 151 181 7 65 134 
135 149 148 185 3 143 147 152 153 175 
135 149 148 38 62 42 153 175 50 151 
135 149 30 151 153 50 175 42 38 62 
135 20 175 38 42 62 153 30 50 151 
135 71 42 144 174 152 153 175 181 185 
135 137 3 30 144 147 151 153 175 185 
28 38 20 30 153 36 50 42 62 175 
28 38 20 30 153 151 50 42 62 175 
113 65 148 149 185 64 150 151 180 181 
113 65 148 149 185 134 150 151 180 181 
135 149 148 185 64 153 42 152 184 175 62 
135 149 148 185 64 153 42 152 184 175 174 
135 149 148 185 64 153 42 98 62 175 184 
135 149 148 185 3 151 181 180 150 65 134 
135 149 148 185 3 151 147 150 152 153 174 
135 149 148 185 3 151 147 175 152 153 174 
135 149 148 185 50 151 152 153 175 147 174 
135 149 148 146 3 147 150 151 152 153 174 
135 149 30 151 153 50 175 42 152 185 62 
135 149 30 151 153 3 144 152 174 147 146 
135 149 30 95 144 147 152 153 174 3 146 
135 149 30 95 144 147 152 153 174 3 175 
135 149 30 95 144 147 152 153 174 50 175 
135 149 148 185 64 153 42 152 151 180 62 175 
135 149 148 185 3 151 181 180 150 152 153 174 
135 149 148 185 3 151 181 180 175 152 153 174 
135 149 148 185 50 151 152 153 175 42 180 62 
135 149 30 151 153 50 175 147 144 152 174 185 
135 149 30 151 153 3 144 152 174 147 175 185 
135 149 30 151 153 3 144 152 174 181 175 185 
135 149 148 185 64 153 42 152 151 180 174 181 150 
135 149 148 185 64 153 42 152 151 180 174 181 175 
135 149 148 185 50 151 152 153 175 42 180 174 181 
135 149 30 151 153 50 175 42 152 185 144 174 181 
